# GRASP k = 3

| Problema | n | k | m | Iter | \|LRC\| | z | S | CPU |
|:-:|:-:|:-:|:-:|:-:|:-:|:-:|:-:|:-:|
max_div_15_3|15|3|2|10|2|13.2732|{ [ 0.3, 0.92, 4.23 ], [ 9.88, 9.88, 6.26 ] }|1.11744 ms
max_div_15_3|15|3|2|10|3|13.2732|{ [ 9.88, 9.88, 6.26 ], [ 0.3, 0.92, 4.23 ] }|1.24131 ms
max_div_15_3|15|3|2|20|2|13.2732|{ [ 0.3, 0.92, 4.23 ], [ 9.88, 9.88, 6.26 ] }|1.93481 ms
max_div_15_3|15|3|2|20|3|13.2732|{ [ 9.88, 9.88, 6.26 ], [ 0.3, 0.92, 4.23 ] }|2.44901 ms
max_div_15_3|15|3|3|10|2|31.8685|{ [ 1.71, 1.95, 9.22 ], [ 5.17, 1.39, 0.91 ], [ 9.88, 9.88, 6.26 ] }|2.48899 ms
max_div_15_3|15|3|3|10|3|31.8685|{ [ 9.88, 9.88, 6.26 ], [ 1.71, 1.95, 9.22 ], [ 5.17, 1.39, 0.91 ] }|2.49704 ms
max_div_15_3|15|3|3|20|2|31.8685|{ [ 1.71, 1.95, 9.22 ], [ 5.17, 1.39, 0.91 ], [ 9.88, 9.88, 6.26 ] }|4.41625 ms
max_div_15_3|15|3|3|20|3|31.8685|{ [ 9.88, 9.88, 6.26 ], [ 1.71, 1.95, 9.22 ], [ 5.17, 1.39, 0.91 ] }|4.57903 ms
max_div_15_3|15|3|4|10|2|59.7638|{ [ 1.71, 1.95, 9.22 ], [ 6.65, 9.45, 1.02 ], [ 0.3, 0.92, 4.23 ], [ 9.88, 9.88, 6.26 ] }|2.82309 ms
max_div_15_3|15|3|4|10|3|59.7428|{ [ 9.88, 9.88, 6.26 ], [ 1.71, 1.95, 9.22 ], [ 5.17, 1.39, 0.91 ], [ 1.15, 9.21, 3.11 ] }|4.16543 ms
max_div_15_3|15|3|4|20|2|59.7638|{ [ 1.71, 1.95, 9.22 ], [ 6.65, 9.45, 1.02 ], [ 0.3, 0.92, 4.23 ], [ 9.88, 9.88, 6.26 ] }|5.70696 ms
max_div_15_3|15|3|4|20|3|59.7428|{ [ 9.88, 9.88, 6.26 ], [ 1.71, 1.95, 9.22 ], [ 5.17, 1.39, 0.91 ], [ 1.15, 9.21, 3.11 ] }|8.27657 ms
max_div_15_3|15|3|5|10|2|96.0858|{ [ 1.71, 1.95, 9.22 ], [ 1.15, 9.21, 3.11 ], [ 9.47, 3.56, 1.83 ], [ 9.88, 9.88, 6.26 ], [ 0.3, 0.92, 4.23 ] }|5.94262 ms
max_div_15_3|15|3|5|10|3|96.0858|{ [ 9.88, 9.88, 6.26 ], [ 1.71, 1.95, 9.22 ], [ 9.47, 3.56, 1.83 ], [ 1.15, 9.21, 3.11 ], [ 0.3, 0.92, 4.23 ] }|4.85173 ms
max_div_15_3|15|3|5|20|2|96.0858|{ [ 1.71, 1.95, 9.22 ], [ 1.15, 9.21, 3.11 ], [ 9.47, 3.56, 1.83 ], [ 9.88, 9.88, 6.26 ], [ 0.3, 0.92, 4.23 ] }|6.75171 ms
max_div_15_3|15|3|5|20|3|96.0858|{ [ 9.88, 9.88, 6.26 ], [ 1.71, 1.95, 9.22 ], [ 9.47, 3.56, 1.83 ], [ 1.15, 9.21, 3.11 ], [ 0.3, 0.92, 4.23 ] }|6.16085 ms
max_div_20_3|20|3|2|10|2|11.8003|{ [ 0.65, 3.76, 9.07 ], [ 9.81, 2.05, 1.83 ] }|0.431702 ms
max_div_20_3|20|3|2|10|3|11.8003|{ [ 9.81, 2.05, 1.83 ], [ 0.65, 3.76, 9.07 ] }|0.432737 ms
max_div_20_3|20|3|2|20|2|11.8003|{ [ 0.65, 3.76, 9.07 ], [ 9.81, 2.05, 1.83 ] }|0.816139 ms
max_div_20_3|20|3|2|20|3|11.8003|{ [ 9.81, 2.05, 1.83 ], [ 0.65, 3.76, 9.07 ] }|0.853617 ms
max_div_20_3|20|3|3|10|2|30.0044|{ [ 0.65, 3.76, 9.07 ], [ 9.81, 2.05, 1.83 ], [ 6.92, 9.54, 4.14 ] }|0.703937 ms
max_div_20_3|20|3|3|10|3|30.8727|{ [ 9.81, 2.05, 1.83 ], [ 0.65, 3.76, 9.07 ], [ 8.87, 9.56, 5.34 ] }|0.946983 ms
max_div_20_3|20|3|3|20|2|30.0044|{ [ 0.65, 3.76, 9.07 ], [ 9.81, 2.05, 1.83 ], [ 6.92, 9.54, 4.14 ] }|1.55686 ms
max_div_20_3|20|3|3|20|3|30.8727|{ [ 9.81, 2.05, 1.83 ], [ 0.65, 3.76, 9.07 ], [ 8.87, 9.56, 5.34 ] }|1.77128 ms
max_div_20_3|20|3|4|10|2|56.6903|{ [ 0.65, 3.76, 9.07 ], [ 9.81, 2.05, 1.83 ], [ 0.83, 7.06, 3.34 ], [ 9.6, 2.02, 9 ] }|1.39166 ms
max_div_20_3|20|3|4|10|3|56.6903|{ [ 9.81, 2.05, 1.83 ], [ 0.83, 7.06, 3.34 ], [ 0.65, 3.76, 9.07 ], [ 9.6, 2.02, 9 ] }|1.52838 ms
max_div_20_3|20|3|4|20|2|56.6903|{ [ 0.65, 3.76, 9.07 ], [ 9.81, 2.05, 1.83 ], [ 0.83, 7.06, 3.34 ], [ 9.6, 2.02, 9 ] }|2.84593 ms
max_div_20_3|20|3|4|20|3|56.6903|{ [ 9.81, 2.05, 1.83 ], [ 0.83, 7.06, 3.34 ], [ 0.65, 3.76, 9.07 ], [ 9.6, 2.02, 9 ] }|3.10003 ms
max_div_20_3|20|3|5|10|2|92.8297|{ [ 0.65, 3.76, 9.07 ], [ 9.81, 2.05, 1.83 ], [ 8.87, 9.56, 5.34 ], [ 9.6, 2.02, 9 ], [ 0.83, 7.06, 3.34 ] }|2.59151 ms
max_div_20_3|20|3|5|10|3|92.8297|{ [ 9.81, 2.05, 1.83 ], [ 0.83, 7.06, 3.34 ], [ 9.6, 2.02, 9 ], [ 8.87, 9.56, 5.34 ], [ 0.65, 3.76, 9.07 ] }|2.31018 ms
max_div_20_3|20|3|5|20|2|92.8297|{ [ 0.65, 3.76, 9.07 ], [ 9.81, 2.05, 1.83 ], [ 8.87, 9.56, 5.34 ], [ 9.6, 2.02, 9 ], [ 0.83, 7.06, 3.34 ] }|4.83565 ms
max_div_20_3|20|3|5|20|3|92.8297|{ [ 9.81, 2.05, 1.83 ], [ 0.83, 7.06, 3.34 ], [ 9.6, 2.02, 9 ], [ 8.87, 9.56, 5.34 ], [ 0.65, 3.76, 9.07 ] }|5.4444 ms
max_div_30_3|30|3|2|10|2|13.0737|{ [ 8.06, 9.59, 0.27 ], [ 6.71, 0.35, 9.42 ] }|0.414103 ms
max_div_30_3|30|3|2|10|3|13.0737|{ [ 8.06, 9.59, 0.27 ], [ 6.71, 0.35, 9.42 ] }|0.668841 ms
max_div_30_3|30|3|2|20|2|13.0737|{ [ 8.06, 9.59, 0.27 ], [ 6.71, 0.35, 9.42 ] }|0.828354 ms
max_div_30_3|30|3|2|20|3|13.0737|{ [ 8.06, 9.59, 0.27 ], [ 6.71, 0.35, 9.42 ] }|0.981974 ms
max_div_30_3|30|3|3|10|2|34.2905|{ [ 1.53, 8.09, 9.56 ], [ 8.32, 0.47, 8.98 ], [ 8.06, 9.59, 0.27 ] }|1.10619 ms
max_div_30_3|30|3|3|10|3|34.2905|{ [ 8.06, 9.59, 0.27 ], [ 1.53, 8.09, 9.56 ], [ 8.32, 0.47, 8.98 ] }|1.19284 ms
max_div_30_3|30|3|3|20|2|34.2905|{ [ 1.53, 8.09, 9.56 ], [ 8.32, 0.47, 8.98 ], [ 8.06, 9.59, 0.27 ] }|2.14593 ms
max_div_30_3|30|3|3|20|3|34.2905|{ [ 8.06, 9.59, 0.27 ], [ 1.53, 8.09, 9.56 ], [ 8.32, 0.47, 8.98 ] }|2.37688 ms
max_div_30_3|30|3|4|10|2|63.702|{ [ 1.53, 8.09, 9.56 ], [ 6.75, 0.07, 1.8 ], [ 8.32, 0.47, 8.98 ], [ 8.06, 9.59, 0.27 ] }|1.96763 ms
max_div_30_3|30|3|4|10|3|63.702|{ [ 8.06, 9.59, 0.27 ], [ 6.75, 0.07, 1.8 ], [ 8.32, 0.47, 8.98 ], [ 1.53, 8.09, 9.56 ] }|2.67424 ms
max_div_30_3|30|3|4|20|2|63.702|{ [ 1.53, 8.09, 9.56 ], [ 6.75, 0.07, 1.8 ], [ 8.32, 0.47, 8.98 ], [ 8.06, 9.59, 0.27 ] }|4.17636 ms
max_div_30_3|30|3|4|20|3|63.702|{ [ 8.06, 9.59, 0.27 ], [ 6.75, 0.07, 1.8 ], [ 8.32, 0.47, 8.98 ], [ 1.53, 8.09, 9.56 ] }|4.79854 ms
max_div_30_3|30|3|5|10|2|99.592|{ [ 1.53, 8.09, 9.56 ], [ 6.75, 0.07, 1.8 ], [ 7.54, 8.93, 9.66 ], [ 8.06, 9.59, 0.27 ], [ 8.32, 0.47, 8.98 ] }|4.49775 ms
max_div_30_3|30|3|5|10|3|99.592|{ [ 8.06, 9.59, 0.27 ], [ 1.53, 8.09, 9.56 ], [ 8.32, 0.47, 8.98 ], [ 7.54, 8.93, 9.66 ], [ 6.75, 0.07, 1.8 ] }|4.67966 ms
max_div_30_3|30|3|5|20|2|99.592|{ [ 1.53, 8.09, 9.56 ], [ 6.75, 0.07, 1.8 ], [ 7.54, 8.93, 9.66 ], [ 8.06, 9.59, 0.27 ], [ 8.32, 0.47, 8.98 ] }|9.43731 ms
max_div_30_3|30|3|5|20|3|99.592|{ [ 8.06, 9.59, 0.27 ], [ 1.53, 8.09, 9.56 ], [ 8.32, 0.47, 8.98 ], [ 7.54, 8.93, 9.66 ], [ 6.75, 0.07, 1.8 ] }|10.3811 ms

## Conclusiones

- Se puede observar como en la mayoría de ocasiones, la solución que encuentra GRASP es mejor que la que encuentra el algoritmo Greedy.

- A pesar de que el valor de |LRC| es lo que marca la diferencia en muchos de los problemas de la prueba, no podemos afirmar que exista un valor de |LRC| que mejore siempre los datos ya que dependiendo del problema es mejor utilizar 2 o 3.

- En este caso, podemos ver que aumentar el número de iteraciones no implica obtener una solución mejor.